Case #1:
10000000000000000000000000000001 3 2 5 2 5 2 5 2 5
10000000000000000000000000000011 83 7 3 23 5 3 3 3 3
10000000000000000000000000000101 7 13 3 191 5 3 5 3 3
10000000000000000000000000001001 11 5 3 17 5 3 3 3 3
10000000000000000000000000001111 13 149 197123 7 5 5 3 3 5
10000000000000000000000000010001 5 67 3 241 5 3 17 3 3
10000000000000000000000000010011 3 2 5 2 5 2 5 2 5
10000000000000000000000000010101 29 2 397 2 5 2 3 2 5
10000000000000000000000000011001 3 2 5 2 5 2 11 2 5
10000000000000000000000000011111 3 2 3 2 5 2 31 2 3
10000000000000000000000000100011 19 2 89 2 5 2 73 2 5
10000000000000000000000000100111 107 7 23 64919587 5 5 3 3 5
10000000000000000000000000101001 13 2 24989 2 5 2 23 2 5
10000000000000000000000000110001 3 2 5 2 5 2 5 2 5
10000000000000000000000000110111 3 2 3 2 5 2 43 2 3
10000000000000000000000000111011 17 2 3 2 5 2 5 2 3
10000000000000000000000001000101 373 2 563 2 5 2 3 2 5
10000000000000000000000001001011 7 7 11 53 5 5 3 3 5
10000000000000000000000001001111 3 2 3 2 5 2 23 2 3
10000000000000000000000001010001 13337 2 47 2 5 2 3 2 5
10000000000000000000000001010011 181 29 7 7 5 5 29 3 5
10000000000000000000000001010111 5 2 3 2 5 2 3 2 3
10000000000000000000000001011001 7 5 43992547 43 5 5 61 3 5
10000000000000000000000001011011 3 2 3 2 5 2 11 2 3
10000000000000000000000001011101 13 2 3 2 5 2 3 2 3
10000000000000000000000001100001 3 2 5 2 5 2 41 2 5
10000000000000000000000001100011 1933 11 1483423 11 5 5 3 3 5
10000000000000000000000001100111 3 2 3 2 5 2 5 2 3
10000000000000000000000001101101 3 2 3 2 5 2 47 2 3
10000000000000000000000001101111 19 7 67 113 5 5 3 3 5
10000000000000000000000001110101 5 2 3 2 5 2 3 2 3
10000000000000000000000001110111 11 1093 11 7 5 5 17 3 5
10000000000000000000000001111101 41 7013 167 11 5 5 5 3 5
10000000000000000000000001111111 3 2 5 2 5 2 7 2 5
10000000000000000000000010000011 7 2 13 2 5 2 11 2 5
10000000000000000000000010000101 3 2 5 2 5 2 73 2 5
10000000000000000000000010001001 5 2 2179 2 5 2 5 2 5
10000000000000000000000010001101 11 103 1951 7 5 5 3 3 5
10000000000000000000000010001111 359 2 3 2 5 2 809 2 3
10000000000000000000000010010111 3 2 3 2 5 2 67 2 3
10000000000000000000000010011001 31 11 7 47 5 5 3 3 5
10000000000000000000000010011011 23 2 3 2 5 2 31 2 3
10000000000000000000000010011101 3 2 3 2 5 2 5 2 3
10000000000000000000000010011111 7 5 1373 7 5 5 3 3 5
10000000000000000000000010100001 17 2 11 2 5 2 73 2 5
10000000000000000000000010100011 3 1429 463 3 5 5 71 3 5
10000000000000000000000010100111 5 2 3 2 5 2 47 2 3
10000000000000000000000010101001 3 5 53 3 5 5 431 3 5
10000000000000000000000010101011 13 2 3 2 5 2 3 2 3
10000000000000000000000010101101 7 2 3 2 5 2 37 2 3
10000000000000000000000010110001 5 23 607 257 5 5 3 3 5
10000000000000000000000010110011 11197 2 3 2 5 2 5 2 3
10000000000000000000000010110101 3 2 3 2 5 2 29 2 3
10000000000000000000000010110111 2207 7 7 27073 5 5 3 3 5
10000000000000000000000010111011 3 353 491 3 5 5 17 3 5
10000000000000000000000010111101 157 5 18143 59359 5 5 3 3 5
10000000000000000000000010111111 53 2 41 2 5 2 7 2 5
10000000000000000000000011000001 3 2 5 2 5 2 61 2 5
10000000000000000000000011000011 17 337 7 431203 5 5 3 3 5
10000000000000000000000011000101 5 23 13 11 5 5 1249 3 5
10000000000000000000000011001001 7 7 601 397 5 5 3 3 5
10000000000000000000000011001011 73 2 3 2 5 2 29 2 3
10000000000000000000000011001111 5 11 199 13 5 5 3 3 5
10000000000000000000000011010101 191 2 3 2 5 2 3 2 3
10000000000000000000000011010111 7 11953 13 2539 5 5 5 3 5
10000000000000000000000011011001 3 2 3 2 5 2 5 2 3
10000000000000000000000011011111 3 2 5 2 5 2 7 2 5
10000000000000000000000011100001 19 1433 149 113 5 5 3 3 5
10000000000000000000000011100101 3 2 3 2 5 2 461 2 3
10000000000000000000000011101001 3847 2 3 2 5 2 11 2 3
10000000000000000000000011101011 3 17 269 3 5 5 5 3 5
10000000000000000000000011101101 5 7 5861 13 5 5 3 3 5
10000000000000000000000011110001 3 2 3 2 5 2 283 2 3
10000000000000000000000011110011 7 139 11 101 5 5 3 3 5
10000000000000000000000011110111 3 2 5 2 5 2 7 2 5
10000000000000000000000011111001 13 5 4177 11 5 5 3 3 5
10000000000000000000000011111011 11 2 7 2 5 2 7 2 5
10000000000000000000000011111101 3 2 5 2 5 2 7 2 5
10000000000000000000000011111111 28619 7 3 1229 5 3 3 3 3
10000000000000000000000100000001 5 13 3 41 5 3 97 3 3
10000000000000000000000100000011 3 2 5 2 5 2 5 2 5
10000000000000000000000100000101 47 2 383 2 5 2 3 2 5
10000000000000000000000100001011 5 2039 101 7 5 5 3 3 5
10000000000000000000000100001101 101 5 19 11 5 5 17 3 5
10000000000000000000000100001111 3 2 3 2 5 2 2029 2 3
10000000000000000000000100010001 11 2 191 2 5 2 3 2 5
10000000000000000000000100010011 13 47 163 35839 5 5 709 3 5
10000000000000000000000100010101 3 11 11 3 5 5 953 3 5
10000000000000000000000100010111 2293 2 3 2 5 2 3 2 3
10000000000000000000000100011011 3 2 3 2 5 2 41 2 3
10000000000000000000000100011101 7 2 3 2 5 2 3 2 3
10000000000000000000000100011111 5 7 17273329 155460463 5 5 11 3 5
10000000000000000000000100100001 3 2 5 2 5 2 5 2 5
10000000000000000000000100100011 79 5 113369981 61 5 5 3 3 5
10000000000000000000000100100111 3 2 3 2 5 2 11 2 3
10000000000000000000000100101001 5 239 2711 28051 5 5 3 3 5
10000000000000000000000100101011 7 2 3 2 5 2 5 2 3
10000000000000000000000100110101 439 2 3 2 5 2 3 2 3
10000000000000000000000100111001 3 2 3 2 5 2 1663 2 3
10000000000000000000000100111111 3 2 5 2 5 2 5 2 5
10000000000000000000000101000011 6379 211 11 17 5 5 691 3 5
10000000000000000000000101000101 3 902347 965191 3 5 5 5 3 5
10000000000000000000000101000111 5 2 3 2 5 2 3 2 3
10000000000000000000000101001101 17077 2 3 2 5 2 3 2 3
10000000000000000000000101010011 11 2 3 2 5 2 3 2 3
10000000000000000000000101010101 7 2 3 2 5 2 11 2 3
10000000000000000000000101010111 3 44741 151 3 5 5 23 3 5
10000000000000000000000101011101 3 5 197 3 5 5 47 3 5
10000000000000000000000101100011 3 2 3 2 5 2 79 2 3
10000000000000000000000101100101 5 2 3 2 5 2 3 2 3
10000000000000000000000101101001 3 2 3 2 5 2 17 2 3
10000000000000000000000101101011 2377 7 29 11731 5 5 3 3 5
10000000000000000000000101101101 17 769 11 587 5 5 5 3 5
10000000000000000000000101101111 3 2 5 2 5 2 7 2 5
10000000000000000000000101110001 7 2 3 2 5 2 3 2 3
10000000000000000000000101110101 3 19 43 3 5 5 43 3 5
10000000000000000000000101110111 199 2 967 2 5 2 3 2 5
10000000000000000000000101111011 3 2 5 2 5 2 5 2 5
10000000000000000000000110000001 3 2 5 2 5 2 17 2 5
10000000000000000000000110000011 5 41131 172849 37 5 5 3 3 5
10000000000000000000000110000111 3 2 3 2 5 2 103 2 3
10000000000000000000000110001101 3 2 3 2 5 2 5 2 3
10000000000000000000000110001111 17 5 23 53 5 5 3 3 5
10000000000000000000000110010001 31 11 11 179 5 5 5 3 5
10000000000000000000000110010011 3 2 3 2 5 2 31 2 3
10000000000000000000000110010101 11 2 3 2 5 2 3 2 3
10000000000000000000000110010111 5 41 7 19 5 5 47 3 5
10000000000000000000000110011001 3 2 3 2 5 2 13 2 3
10000000000000000000000110011011 7 23 6043 7 5 5 3 3 5
10000000000000000000000110011111 3 2 5 2 5 2 7 2 5
10000000000000000000000110100001 5 7 19 17 5 5 3 3 5
10000000000000000000000110100011 67 2 3 2 5 2 5 2 3
10000000000000000000000110101001 7 2 3 2 5 2 83 2 3
10000000000000000000000110101011 3 103 11 3 5 5 73 3 5
10000000000000000000000110101101 61 5 37 7 5 5 3 3 5
10000000000000000000000110101111 13 2 7211 2 5 2 7 2 5
10000000000000000000000110110001 3 2 3 2 5 2 11 2 3
10000000000000000000000110110101 5 139 113 97 5 5 211 3 5
10000000000000000000000110110111 3 2 5 2 5 2 5 2 5
10000000000000000000000110111001 283 83 89 41 5 5 3 3 5
10000000000000000000000110111011 29443 2 349 2 5 2 7 2 5
10000000000000000000000110111101 3 2 5 2 5 2 7 2 5
10000000000000000000000110111111 5 229 3 7 5 3 3 3 3
10000000000000000000000111000001 11 5 13 5927 5 5 11 3 5
10000000000000000000000111000011 3 2 3 2 5 2 2083 2 3
10000000000000000000000111000101 7 2 3 2 5 2 3 2 3
10000000000000000000000111000111 977 11 29 331 5 5 5 3 5
10000000000000000000000111001001 3 2 3 2 5 2 5 2 3
10000000000000000000000111001011 37 5 71 3191611 5 5 3 3 5
10000000000000000000000111001111 3 2 5 2 5 2 7 2 5
10000000000000000000000111010001 43 2 3 2 5 2 3 2 3
10000000000000000000000111010101 3 5 19 3 5 5 73 3 5
10000000000000000000000111011011 3 2 5 2 5 2 7 2 5
10000000000000000000000111011101 5 2 44651 2 5 2 3 2 5
10000000000000000000000111011111 1051 5 3 11 5 3 59 3 3
10000000000000000000000111100001 3 2 3 2 5 2 23 2 3
10000000000000000000000111100011 13 2273 188452399 63421 5 5 3 3 5
10000000000000000000000111100101 29 53 13 29 5 5 5 3 5
10000000000000000000000111100111 3 2 5 2 5 2 7 2 5
10000000000000000000000111101001 461 5 11 37 5 5 3 3 5
10000000000000000000000111101011 19 2 13 2 5 2 7 2 5
10000000000000000000000111101101 3 2 5 2 5 2 7 2 5
10000000000000000000000111101111 7 13 3 43 5 3 3 3 3
10000000000000000000000111110011 3 2 5 2 5 2 5 2 5
10000000000000000000000111110101 17 2 29 2 5 2 3 2 5
10000000000000000000000111110111 157 43 3 4639 5 3 1103 3 3
10000000000000000000000111111001 3 2 5 2 5 2 7 2 5
10000000000000000000000111111011 5 7 3 593 5 3 3 3 3
10000000000000000000000111111101 7 5 3 1059947873 5 3 113 3 3
10000000000000000000000111111111 3 2 5 2 5 2 73 2 5
10000000000000000000001000000011 11 2 409 2 5 2 17 2 5
10000000000000000000001000000101 3 2 5 2 5 2 1831 2 5
10000000000000000000001000001001 8849 2 7 2 5 2 6079 2 5
10000000000000000000001000001011 3 17 131 3 5 5 11 3 5
10000000000000000000001000001101 31 11 11 31 5 5 3 3 5
10000000000000000000001000001111 5 2 3 2 5 2 31 2 3
10000000000000000000001000010001 3 2 5 2 5 2 5 2 5
10000000000000000000001000010011 131 5 7 181 5 5 3 3 5
10000000000000000000001000010101 37 43891 23 221203 5 5 29 3 5
10000000000000000000001000010111 3 2 3 2 5 2 179 2 3
10000000000000000000001000011011 6421 2 3 2 5 2 5 2 3
10000000000000000000001000100011 3 31 1097 3 5 5 5 3 5
10000000000000000000001000100111 7 2 3 2 5 2 61 2 3
10000000000000000000001000101001 3 7 13 3 5 5 587 3 5
10000000000000000000001000101101 5 2 3 2 5 2 11 2 3
10000000000000000000001000101111 3 131 1009 3 5 5 107 3 5
10000000000000000000001000110001 13 5 265662937 877 5 5 3 3 5
10000000000000000000001000110011 1949 2 3 2 5 2 13 2 3
10000000000000000000001000110101 3 2 3 2 5 2 23 2 3
10000000000000000000001000110111 5 17 19 238058311 5 5 3 3 5
10000000000000000000001000111001 17 2 3 2 5 2 5 2 3
10000000000000000000001000111011 3 5 13 3 5 5 163 3 5
10000000000000000000001001000001 3 2 5 2 5 2 11 2 5
10000000000000000000001001000011 7 7 227 73 5 5 3 3 5
10000000000000000000001001000111 3 2 3 2 5 2 5 2 3
10000000000000000000001001001011 5 2 3 2 5 2 43 2 3
10000000000000000000001001001101 3 2 3 2 5 2 31 2 3
10000000000000000000001001010011 3 2 3 2 5 2 41 2 3
10000000000000000000001001010101 5 2 3 2 5 2 3 2 3
10000000000000000000001001010111 71 19 11927527 17 5 5 6469 3 5
10000000000000000000001001011011 11 13 31 443 5 5 3 3 5
10000000000000000000001001011101 19 17 7 9421 5 5 5 3 5
10000000000000000000001001011111 3 2 5 2 5 2 7 2 5
10000000000000000000001001100101 3 2 3 2 5 2 5 2 3
10000000000000000000001001101001 5 2 3 2 5 2 67 2 3
10000000000000000000001001110011 5 1093 43 47 5 5 3 3 5
10000000000000000000001001110111 3 2 5 2 5 2 7 2 5
10000000000000000000001001111001 613 37 7 4021 5 5 3 3 5
10000000000000000000001001111011 7 2 1609 2 5 2 7 2 5
10000000000000000000001001111101 3 2 5 2 5 2 7 2 5
10000000000000000000001001111111 13 11 3 97304201 5 3 3 3 3
10000000000000000000001010000101 89 41 463 7 5 5 3 3 5
10000000000000000000001010000111 5 2 3 2 5 2 101 2 3
10000000000000000000001010001001 3 5 11 3 5 5 3181 3 5
10000000000000000000001010001011 2579 2 3 2 5 2 3 2 3
10000000000000000000001010001101 59 2 3 2 5 2 23 2 3
10000000000000000000001010001111 3 115151 24919 3 5 5 5 3 5
10000000000000000000001010010001 5 89 7 53 5 5 3 3 5
10000000000000000000001010010011 29 2 3 2 5 2 5 2 3
10000000000000000000001010010101 3 2 3 2 5 2 1471 2 3
10000000000000000000001010011001 13 2 3 2 5 2 157 2 3
10000000000000000000001010011111 17 2 7 2 5 2 7 2 5
10000000000000000000001010100001 3 9643 73 3 5 5 6389 3 5
10000000000000000000001010100011 37369 2 3 2 5 2 3 2 3
10000000000000000000001010100101 5 2 3 2 5 2 2437 2 3
10000000000000000000001010100111 3 41 149 3 5 5 73 3 5
10000000000000000000001010101001 19 2 3 2 5 2 3 2 3
10000000000000000000001010101111 5 2 17 2 5 2 3 2 5
10000000000000000000001010110011 3 5 269 3 5 5 43 3 5
10000000000000000000001010110101 307 997 11 17 5 5 3 3 5
10000000000000000000001010110111 233 2 193 2 5 2 7 2 5
10000000000000000000001010111001 3 7 13 3 5 5 17 3 5
10000000000000000000001010111011 41 2 7 2 5 2 3 2 5
10000000000000000000001010111111 3 59 3 3 5 3 11677 3 3
10000000000000000000001011000001 7 7 89 1471 5 5 3 3 5
10000000000000000000001011000011 5 2 3 2 5 2 191 2 3
10000000000000000000001011000101 3 2 3 2 5 2 11 2 3
10000000000000000000001011000111 31 263 2269 34082533 5 5 3 3 5
10000000000000000000001011001001 11 2 3 2 5 2 31 2 3
10000000000000000000001011001111 7 2 1549319 2 5 2 7 2 5
10000000000000000000001011010001 3 2 3 2 5 2 8179 2 3
10000000000000000000001011010011 43 7 107 13399 5 5 3 3 5
10000000000000000000001011010101 421 11 53 79 5 5 5 3 5
10000000000000000000001011010111 3 2 5 2 5 2 7 2 5
10000000000000000000001011011011 47 2 11 2 5 2 7 2 5
10000000000000000000001011011101 3 2 5 2 5 2 7 2 5
10000000000000000000001011011111 11 31 3 7 5 3 3 3 3
10000000000000000000001011100111 13 2 13 2 5 2 5 2 5
10000000000000000000001011101001 3 6173 7 3 5 5 5 3 5
10000000000000000000001011101011 5 2 17 2 5 2 3 2 5
10000000000000000000001011101101 8713 2 9003233 2 5 2 7 2 5
10000000000000000000001011101111 3 627559 3 3 5 3 557 3 3
10000000000000000000001011110001 23 617 113 29 5 5 3 3 5
10000000000000000000001011110011 37 2 7 2 5 2 7 2 5
10000000000000000000001011110101 3 2 5 2 5 2 7 2 5
10000000000000000000001011110111 1153 7 3 97304941 5 3 3 3 3
10000000000000000000001011111001 7 2 1530791929 2 5 2 7 2 5
10000000000000000000001011111101 79 8354807 3 19 5 3 3 3 3
10000000000000000000001011111111 5 2 17 2 5 2 293 2 5
10000000000000000000001100000001 3 2 5 2 5 2 5 2 5
10000000000000000000001100000011 59 5 161932759 7 5 5 3 3 5
10000000000000000000001100000101 17 7 11 79 5 5 11 3 5
10000000000000000000001100000111 3 2 3 2 5 2 31 2 3
10000000000000000000001100001001 5 8779853 1987 31 5 5 3 3 5
10000000000000000000001100001011 11 2 3 2 5 2 5 2 3
10000000000000000000001100001101 3 2 3 2 5 2 547 2 3
10000000000000000000001100001111 113 211 13 193 5 5 3 3 5
10000000000000000000001100010011 3 2 3 2 5 2 17 2 3
10000000000000000000001100010101 7 2 3 2 5 2 3 2 3
10000000000000000000001100011001 3 2 3 2 5 2 37 2 3
10000000000000000000001100011011 13 73 11 3467 5 5 3 3 5
10000000000000000000001100011101 5 224669 331 7 5 5 43 3 5
10000000000000000000001100011111 3 2 5 2 5 2 5 2 5
10000000000000000000001100100001 11 5 37 37 5 5 3 3 5
10000000000000000000001100100011 7 2 3 2 5 2 13 2 3
10000000000000000000001100100101 3 2 3 2 5 2 113 2 3
10000000000000000000001100100111 5 5031833 61 7 5 5 3 3 5
10000000000000000000001100101001 43 2 3 2 5 2 5 2 3
10000000000000000000001100101111 373 2 883 2 5 2 7 2 5
10000000000000000000001100110011 877 4945103 349 4519 5 5 3 3 5
10000000000000000000001100110101 13 5 60689 362621401 5 5 1049 3 5
10000000000000000000001100110111 3 2 5 2 5 2 7 2 5
10000000000000000000001100111001 47 139 23 73 5 5 3 3 5
10000000000000000000001100111011 5 2 47 2 5 2 7 2 5
10000000000000000000001100111101 3 2 5 2 5 2 5 2 5
10000000000000000000001100111111 7 5 3 17 5 3 3 3 3
10000000000000000000001101000011 3 2 3 2 5 2 157 2 3
10000000000000000000001101000101 5 2 3 2 5 2 3 2 3
10000000000000000000001101000111 271 359 478139 59 5 5 11 3 5
10000000000000000000001101001001 3 2 3 2 5 2 11 2 3
10000000000000000000001101001111 3 2 5 2 5 2 7 2 5
10000000000000000000001101010001 30757 2 3 2 5 2 3 2 3
10000000000000000000001101010101 3 127 7901 3 5 5 643 3 5
10000000000000000000001101010111 38903 2 11 2 5 2 3 2 5
10000000000000000000001101011001 5 7481531 7 367 5 5 409 3 5
10000000000000000000001101011011 3 2 5 2 5 2 5 2 5
10000000000000000000001101011101 359 2 73 2 5 2 3 2 5
10000000000000000000001101100011 5 7 103 10853 5 5 3 3 5
10000000000000000000001101100111 3 2 5 2 5 2 7 2 5
10000000000000000000001101101001 7 11 33827 71 5 5 3 3 5
10000000000000000000001101101011 17 2 1789 2 5 2 7 2 5
10000000000000000000001101101101 3 2 5 2 5 2 7 2 5
10000000000000000000001101110001 127 5 43 17 5 5 617 3 5
10000000000000000000001101110011 3 2 5 2 5 2 7 2 5
10000000000000000000001101110101 4877 2 23 2 5 2 3 2 5
10000000000000000000001101110111 5 11 3 37 5 3 5 3 3
10000000000000000000001101111001 3 2 5 2 5 2 5 2 5
10000000000000000000001101111011 23 5 3 23 5 3 3 3 3
10000000000000000000001101111111 3 2 5 2 5 2 29 2 5
10000000000000000000001110000001 5 11 11 7 5 5 3 3 5
10000000000000000000001110000011 13 2 3 2 5 2 5 2 3
10000000000000000000001110000111 37 122833 73 23 5 5 3 3 5
10000000000000000000001110001101 17 5 13 691 5 5 3 3 5
10000000000000000000001110001111 11 2 20981 2 5 2 7 2 5
10000000000000000000001110010001 3 2 3 2 5 2 661 2 3
10000000000000000000001110010111 3 2 5 2 5 2 5 2 5
10000000000000000000001110011011 79 2 7 2 5 2 7 2 5
10000000000000000000001110011101 3 2 5 2 5 2 7 2 5
10000000000000000000001110100001 7 2 3 2 5 2 5 2 3
10000000000000000000001110100011 3 5 41 3 5 5 11 3 5
10000000000000000000001110100111 25031 2 686485573 2 5 2 7 2 5
10000000000000000000001110101011 457 2 691 2 5 2 3 2 5
10000000000000000000001110101101 197 2 2729 2 5 2 7 2 5
10000000000000000000001110110011 5 2 14431409 2 5 2 7 2 5
10000000000000000000001110110101 3 2 5 2 5 2 5 2 5
10000000000000000000001110110111 13 5 3 7 5 3 3 3 3
10000000000000000000001110111011 3 24247 3 3 5 3 167 3 3
10000000000000000000001110111101 5 13 3 11 5 3 3 3 3
10000000000000000000001110111111 31 2 11 2 5 2 5 2 5
10000000000000000000001111000001 3 2 3 2 5 2 31 2 3
10000000000000000000001111000111 3 2 5 2 5 2 7 2 5
10000000000000000000001111001011 7 2 1062343 2 5 2 7 2 5
10000000000000000000001111001101 3 2 5 2 5 2 7 2 5
10000000000000000000001111001111 31379 17 3 11 5 3 3 3 3
10000000000000000000001111010011 3 2 5 2 5 2 5 2 5
10000000000000000000001111010101 43 2 97 2 5 2 3 2 5
10000000000000000000001111010111 23 21787 3 6907 5 3 29 3 3
10000000000000000000001111011001 3 2 5 2 5 2 7 2 5
10000000000000000000001111011011 5 101 3 7 5 3 3 3 3
10000000000000000000001111011101 28603 5 3 47 5 3 67 3 3
10000000000000000000001111011111 3 2 5 2 5 2 17 2 5
10000000000000000000001111100011 9941 2 13 2 5 2 7 2 5
10000000000000000000001111100101 3 2 5 2 5 2 7 2 5
10000000000000000000001111100111 7 13 3 19 5 3 3 3 3
10000000000000000000001111101001 89 2 19 2 5 2 7 2 5
10000000000000000000001111101111 5 2 17 2 5 2 12163 2 5
10000000000000000000001111110001 3 2 5 2 5 2 5 2 5
10000000000000000000001111110011 17 5 3 29 5 3 3 3 3
10000000000000000000001111110101 7 13 3 5479 5 3 53 3 3
10000000000000000000001111110111 3 2 5 2 5 2 73 2 5
10000000000000000000001111111001 5 19 3 268778407 5 3 3 3 3
10000000000000000000001111111011 2543 2 317 2 5 2 5 2 5
10000000000000000000001111111101 3 2 5 2 5 2 59 2 5
10000000000000000000001111111111 19 29 3257 7 5 5 3 3 5
10000000000000000000010000000001 71 59 3 49211 5 3 5 3 3
10000000000000000000010000000101 13 2 11 2 5 2 3 2 5
10000000000000000000010000001001 3 2 5 2 5 2 6113 2 5
10000000000000000000010000001011 263 103 7 4597 5 5 3 3 5
10000000000000000000010000001111 3 2 3 2 5 2 23497 2 3
10000000000000000000010000010001 7 2 23 2 5 2 3 2 5
10000000000000000000010000010011 11 13 29 127 5 5 89 3 5
10000000000000000000010000010101 3 7 13 3 5 5 5 3 5
10000000000000000000010000010111 5 2 3 2 5 2 3 2 3
10000000000000000000010000011011 3 2 3 2 5 2 857 2 3
10000000000000000000010000011101 149 2 3 2 5 2 3 2 3
10000000000000000000010000011111 7 37 193073 11 5 5 5 3 5
10000000000000000000010000100001 3 2 5 2 5 2 73 2 5
10000000000000000000010000100011 5869 359 11 235069 5 5 3 3 5
10000000000000000000010000100111 3 2 3 2 5 2 5 2 3
10000000000000000000010000101001 11 11 19 2575755473 5 5 3 3 5
10000000000000000000010000101011 5 2 3 2 5 2 37 2 3
10000000000000000000010000101111 367 89 103 86197 5 5 3 3 5
10000000000000000000010000110011 3 2 3 2 5 2 5501 2 3
10000000000000000000010000110101 5 2 3 2 5 2 3 2 3
10000000000000000000010000111001 3 2 3 2 5 2 11 2 3
10000000000000000000010000111011 7 59 4230631 227 5 5 3 3 5
10000000000000000000010000111111 3 2 5 2 5 2 7 2 5
10000000000000000000010001000001 67 2 61 2 5 2 3 2 5
10000000000000000000010001000011 163 11 7 7 5 5 6073 3 5
10000000000000000000010001000111 509 2 3 2 5 2 3 2 3
10000000000000000000010001001001 5 87517 3186451 13 5 5 11 3 5
10000000000000000000010001001011 3 2 3 2 5 2 139 2 3
10000000000000000000010001001101 571 2 3 2 5 2 3 2 3
10000000000000000000010001010001 3 71 7 3 5 5 5 3 5
10000000000000000000010001010011 5 2 3 2 5 2 3 2 3
10000000000000000000010001010101 11 2 3 2 5 2 19973 2 3
10000000000000000000010001010111 3 2220671 11 3 5 5 193 3 5
10000000000000000000010001011001 17 2 3 2 5 2 3 2 3
10000000000000000000010001011111 28859 2 7 2 5 2 3 2 5
10000000000000000000010001100001 23 7 11 47 5 5 139 3 5
10000000000000000000010001100011 3 2 3 2 5 2 5 2 3
10000000000000000000010001100101 7 2 3 2 5 2 3 2 3
10000000000000000000010001100111 5 57557 31 7 5 5 47 3 5
10000000000000000000010001101001 3 2 3 2 5 2 26927 2 3
10000000000000000000010001101111 3 2 5 2 5 2 7 2 5
10000000000000000000010001110001 5 2 3 2 5 2 3 2 3
10000000000000000000010001110101 3 11 578401 3 5 5 29 3 5
10000000000000000000010001111011 3 2 5 2 5 2 7 2 5
10000000000000000000010001111101 12829 2 19776101 2 5 2 3 2 5
10000000000000000000010001111111 347 791387 3 17 5 3 17239 3 3
10000000000000000000010010000001 3 2 5 2 5 2 47 2 5
10000000000000000000010010000011 6203 7 53 151 5 5 3 3 5
10000000000000000000010010000101 5 53 40763 13 5 5 6301 3 5
10000000000000000000010010000111 3 2 3 2 5 2 653 2 3
10000000000000000000010010001001 61 491 7 61 5 5 3 3 5
10000000000000000000010010001101 3 2 3 2 5 2 19309 2 3
10000000000000000000010010001111 5 13309 135859 7 5 5 3 3 5
10000000000000000000010010010001 181 5 41 29 5 5 29 3 5
10000000000000000000010010010011 3 2 3 2 5 2 15263 2 3
10000000000000000000010010010111 11 17 47 41 5 5 5 3 5
10000000000000000000010010011001 3 2 3 2 5 2 5 2 3
10000000000000000000010010011011 89 5 227 11 5 5 3 3 5
10000000000000000000010010011101 7 47 137 553117657 5 5 41 3 5
10000000000000000000010010011111 3 2 5 2 5 2 7 2 5
10000000000000000000010010100001 13 378593 43609 229 5 5 3 3 5
10000000000000000000010010100011 5 2 3 2 5 2 11 2 3
10000000000000000000010010100101 3 2 3 2 5 2 17 2 3
10000000000000000000010010100111 41 7 7 2504329 5 5 3 3 5
10000000000000000000010010101001 6673 2 3 2 5 2 59 2 3
10000000000000000000010010101101 5 167 3257 13 5 5 3 3 5
10000000000000000000010010110001 3 2 3 2 5 2 751 2 3
10000000000000000000010010110101 907 1699 7 1097 5 5 5 3 5
10000000000000000000010010110111 3 2 5 2 5 2 7 2 5
10000000000000000000010010111011 13 2 19 2 5 2 7 2 5
10000000000000000000010010111101 3 2 5 2 5 2 7 2 5
10000000000000000000010010111111 17 2543 3 859 5 3 3 3 3
10000000000000000000010011000001 5 31 7 7 5 5 25577 3 5
10000000000000000000010011000011 3 2 3 2 5 2 41 2 3
10000000000000000000010011001001 3 2 3 2 5 2 1811 2 3
10000000000000000000010011001011 5 7 598393493 13 5 5 3 3 5
10000000000000000000010011001111 3 2 5 2 5 2 5 2 5
10000000000000000000010011010001 277 2 3 2 5 2 3 2 3
10000000000000000000010011010011 113 1249747 11 7 5 5 5 3 5
10000000000000000000010011010101 3 37 313 3 5 5 647 3 5
10000000000000000000010011010111 29 2 10601561 2 5 2 3 2 5
10000000000000000000010011011011 3 2 5 2 5 2 7 2 5
10000000000000000000010011011101 479 2 7 2 5 2 3 2 5
10000000000000000000010011011111 5 233 3 13 5 3 701 3 3
10000000000000000000010011100001 3 2 3 2 5 2 53 2 3
10000000000000000000010011100011 7 19289 23 17 5 5 3 3 5
10000000000000000000010011100101 36899 5 89 7 5 5 43 3 5
10000000000000000000010011100111 3 2 5 2 5 2 7 2 5
10000000000000000000010011101001 5 29 71 13 5 5 3 3 5
10000000000000000000010011101011 23 2 7 2 5 2 7 2 5
10000000000000000000010011101101 3 2 5 2 5 2 5 2 5
10000000000000000000010011101111 11 5 3 11 5 3 3 3 3
10000000000000000000010011110001 7 7 19 2113 5 5 5 3 5
10000000000000000000010011110011 3 2 5 2 5 2 7 2 5
10000000000000000000010011110101 31 2 101 2 5 2 3 2 5
10000000000000000000010011111001 3 2 5 2 5 2 7 2 5
10000000000000000000010011111101 5 3863 3 13 5 3 271 3 3
10000000000000000000010011111111 3 2 5 2 5 2 11 2 5
10000000000000000000010100000101 3 1010929 5449 3 5 5 5 3 5
10000000000000000000010100000111 5 2 3 2 5 2 3 2 3
10000000000000000000010100001011 3 2 3 2 5 2 24077 2 3
10000000000000000000010100001101 7 2 3 2 5 2 3 2 3
10000000000000000000010100001111 47 7 11 967 5 5 5 3 5
10000000000000000000010100010001 3 7 13 3 5 5 11 3 5
10000000000000000000010100010011 577 2 3 2 5 2 3 2 3
10000000000000000000010100010111 3 313 7 3 5 5 227 3 5
10000000000000000000010100011001 23 2 3 2 5 2 3 2 3
10000000000000000000010100011011 5 11 37 71 5 5 47 3 5
10000000000000000000010100011101 3 5 71 3 5 5 73 3 5
10000000000000000000010100011111 827 2 43 2 5 2 3 2 5
10000000000000000000010100100101 5 2 3 2 5 2 3 2 3
10000000000000000000010100101101 43 29 109 103 5 5 5 3 5
10000000000000000000010100101111 3 2 5 2 5 2 7 2 5
10000000000000000000010100110001 11 2 3 2 5 2 3 2 3
10000000000000000000010100110011 31 5 7 17 5 5 31 3 5
10000000000000000000010100110101 3 7 13 3 5 5 601 3 5
10000000000000000000010100110111 7 2 21613 2 5 2 3 2 5
10000000000000000000010100111011 3 2 5 2 5 2 5 2 5
10000000000000000000010100111101 13 2 11 2 5 2 3 2 5
10000000000000000000010101000001 3 131 67 3 5 5 5 3 5
10000000000000000000010101000011 5 2 3 2 5 2 3 2 3
10000000000000000000010101000101 7 2 3 2 5 2 20903 2 3
10000000000000000000010101000111 3 967 157 3 5 5 73 3 5
10000000000000000000010101001001 137 2 3 2 5 2 3 2 3
10000000000000000000010101001011 29 83 223 37 5 5 5 3 5
10000000000000000000010101001101 3 1789 11 3 5 5 17 3 5
10000000000000000000010101001111 103 2 19 2 5 2 3 2 5
10000000000000000000010101010001 59 2 3 2 5 2 23 2 3
10000000000000000000010101010011 3 919 73 3 5 5 11 3 5
10000000000000000000010101010101 19 17 5 11 5 5 3 3 5
10000000000000000000010101010111 5 2 17 2 5 2 7 2 5
10000000000000000000010101011001 3 5 13 3 5 5 13217 3 5
10000000000000000000010101011011 73 2 7 2 5 2 3 2 5
10000000000000000000010101011101 11 2 355027 2 5 2 7 2 5
10000000000000000000010101100001 5 2 3 2 5 2 3 2 3
10000000000000000000010101100011 239 29 53 7 5 5 73 3 5
10000000000000000000010101100101 3 521 29 3 5 5 61 3 5
10000000000000000000010101100111 353 2 5849 2 5 2 3 2 5
10000000000000000000010101101011 3 2 5 2 5 2 7 2 5
10000000000000000000010101101101 47 2 31 2 5 2 3 2 5
10000000000000000000010101101111 7 13 3 427727 5 3 17 3 3
10000000000000000000010101110001 3 4709417 23 3 5 5 31 3 5
10000000000000000000010101110011 11 2 50128607 2 5 2 3 2 5
10000000000000000000010101110101 5 2 17 2 5 2 7 2 5
10000000000000000000010101110111 3 19 3 3 5 3 83 3 3
10000000000000000000010101111001 14813 2 114156943 2 5 2 3 2 5
