Case #1: 3 4 6

Case #2: 2 3 4

Case #3: 1 4 7 9 11 12 14 17

Case #4: 2 4 6 8 10 11 14

Case #5: 1 4 6 9 12 15

Case #6: 2 8 15 39 46 71 93

Case #7: 8 11 13 15

Case #8: 7 11 12 15 17 18 19 23 25 27

Case #9: 1 2 3

Case #10: 1 11 21 31 41 51 61 71 81 91

Case #11: 15 32 35 39 42 46 49 50 53

Case #12: 4 5 6 8

Case #13: 2 6 10 14

Case #14: 129 144 171 198 202 219 227 268 289 296

Case #15: 5 9 12 17 20 24 28 33 38 43

Case #16: 8 10 14 15

Case #17: 3 4 5

Case #18: 1 2 3 4 5 6 7

Case #19: 6 7 9 10 12 14 15

Case #20: 3 5 7 8 10 11 14 16

Case #21: 10 14 19 21 24 26 31 35

Case #22: 5 6 7 8 9 10 11 12 13 14

Case #23: 11 14 15 19 24 26

Case #24: 7 11 13

Case #25: 2 3

Case #26: 7 11 12 18 20 24 26 28 33

Case #27: 14 18 21 24 27 28

Case #28: 5 10 12 18

Case #29: 22 27 32 33 40

Case #30: 22 222

Case #31: 7 11 13

Case #32: 17 20 25 28 35 36 43 45 46

Case #33: 1 2 3 4

Case #34: 18 23 27 30 35

Case #35: 8 9 11 13

Case #36: 9 12 15 17 20 22 24 27 30 31

Case #37: 22 24 27 28 31 32 34

Case #38: 2 4

Case #39: 2 22

Case #40: 57 74 80 107

Case #41: 7 10 13 14 16 19 22

Case #42: 7 12 18 20

Case #43: 9 17 24 30 35 39 42 44 45 62

Case #44: 3 6 8

Case #45: 2 6

Case #46: 11 13 17 19 20 21 24 25 28

Case #47: 4 8

Case #48: 6 8

Case #49: 5 7 9

Case #50: 3 4 5 6 7 8 9

